jambi = -1.630466, 103.642847
pontianak = -0.14888888888888888, 109.40277777777779